% -------------------------------------------------------------------
%  Generated by MATLAB on 5-Apr-2016 21:00:31
%  MATLAB version: 8.5.0.197613 (R2015a)
% -------------------------------------------------------------------
                                    

RXpolys = cell(1, 12);
RXpolys{1} = struct;
RXpolys{1}.i = [1 5];
RXpolys{1}.c = [0.0085846636281253965 -0.0082454104616680839 0.95125727259878079 ...
                ];
RXpolys{2} = struct;
RXpolys{2}.i = [1 2];
RXpolys{2}.c = [-0.0022779018587768462 0.20628327380644082 -55.541529406255833 ...
                ];
RXpolys{3} = struct;
RXpolys{3}.i = [2 1];
RXpolys{3}.c = [0.39178738904436444 -0.02478756490948214 -6.0069318157653653 ...
                ];
RXpolys{4} = struct;
RXpolys{4}.i = [2 3];
RXpolys{4}.c = [-0.00078212377166554691 0.070542119514272347 -21.666383720797938 ...
                ];
RXpolys{5} = struct;
RXpolys{5}.i = [3 2];
RXpolys{5}.c = [0.6142552827250134 -0.0028169292506473285 -8.5799563838125223 ...
                ];
RXpolys{6} = struct;
RXpolys{6}.i = [3 4];
RXpolys{6}.c = [-0.0010321101236749931 0.093075262900433012 -16.257601492764998 ...
                ];
RXpolys{7} = struct;
RXpolys{7}.i = [4 3];
RXpolys{7}.c = [0.77629080209003953 -0.063207326545080642 -18.957208562783389 ...
                ];
RXpolys{8} = struct;
RXpolys{8}.i = [1 6];
RXpolys{8}.c = [-0.0084512745758939731 -0.003820233423785833 1.344491575469164 ...
                ];
RXpolys{9} = struct;
RXpolys{9}.i = [2 6];
RXpolys{9}.c = [-0.016328244266135369 -0.0038812960028719624 0.9705373369189646 ...
                ];
RXpolys{10} = struct;
RXpolys{10}.i = [3 6];
RXpolys{10}.c = [-0.024298759467320147 -0.0027340514967752224 0.6520109566121064 ...
                 ];
RXpolys{11} = struct;
RXpolys{11}.i = [4 6];
RXpolys{11}.c = [-0.029094899796702128 0.00088004692818430144 0.55499653002635485 ...
                 ];
RXpolys{12} = struct;
RXpolys{12}.i = [5 7];
RXpolys{12}.c = [-2.088723094339775 0.026537810504430274 23.954788170069314 ...
                 ];

ORXpolys = cell(1, 12);
ORXpolys{1} = struct;
ORXpolys{1}.i = [1 5];
ORXpolys{1}.c = [0.0091923942306531559 -0.0068721100649862289 0.45546677149946535 ...
                 ];
ORXpolys{2} = struct;
ORXpolys{2}.i = [1 2];
ORXpolys{2}.c = [0.0046821410149380889 -0.20708213853789079 -20.947566006391931 ...
                 ];
ORXpolys{3} = struct;
ORXpolys{3}.i = [2 1];
ORXpolys{3}.c = [0.4199421686729512 -0.0825207220106009 2.4897426740520374 ...
                 ];
ORXpolys{4} = struct;
ORXpolys{4}.i = [2 3];
ORXpolys{4}.c = [0.0046605357275790044 -0.20302676918540635 -14.707877862464152 ...
                 ];
ORXpolys{5} = struct;
ORXpolys{5}.i = [3 2];
ORXpolys{5}.c = [0.6610811404378939 -0.27706939361750371 5.8856573760336355 ...
                 ];
ORXpolys{6} = struct;
ORXpolys{6}.i = [3 4];
ORXpolys{6}.c = [-0.025983405853482616 1.157212010750809 -35.834824010008788 ...
                 ];
ORXpolys{7} = struct;
ORXpolys{7}.i = [4 3];
ORXpolys{7}.c = [0.92183701035476 -0.40607177410430079 -16.180856416815075 ...
                 ];
ORXpolys{8} = struct;
ORXpolys{8}.i = [1 6];
ORXpolys{8}.c = [-0.0092055724979415773 0.0070810400671721336 0.46201855025827404 ...
                 ];
ORXpolys{9} = struct;
ORXpolys{9}.i = [2 6];
ORXpolys{9}.c = [-0.017391811243584354 0.0019578561426698889 0.46176277230310625 ...
                 ];
ORXpolys{10} = struct;
ORXpolys{10}.i = [3 6];
ORXpolys{10}.c = [-0.025159090508026269 -0.016387459097487164 0.69169056229472936 ...
                  ];
ORXpolys{11} = struct;
ORXpolys{11}.i = [4 6];
ORXpolys{11}.c = [-0.033592433573668666 0.006164079317375888 0.50509914171448278 ...
                  ];
ORXpolys{12} = struct;
ORXpolys{12}.i = [5 7];
ORXpolys{12}.c = [-2.3479146683716183 0.18114139041495622 22.195358258406948 ...
                  ];

